[gd_scene load_steps=16 format=2]

[ext_resource path="res://Characters3D/vanguard.dae" type="PackedScene" id=1]
[ext_resource path="res://Scripts/Nodes/HTHDamagingArea.gdns" type="Script" id=2]
[ext_resource path="res://Characters/BlendTrees/character_blend_tree.tres" type="AnimationNodeBlendTree" id=3]
[ext_resource path="res://Characters3D/Jab Left.tres" type="Animation" id=4]
[ext_resource path="res://Characters3D/Hook Left.tres" type="Animation" id=5]
[ext_resource path="res://Characters3D/Hook Right.tres" type="Animation" id=6]
[ext_resource path="res://Characters3D/Jab Right.tres" type="Animation" id=7]
[ext_resource path="res://Characters3D/Kick Front Left.tres" type="Animation" id=8]
[ext_resource path="res://Characters3D/Kick Front Right.tres" type="Animation" id=9]
[ext_resource path="res://Characters3D/Kick Round Left.tres" type="Animation" id=10]
[ext_resource path="res://Characters3D/Kick Round Right.tres" type="Animation" id=11]

[sub_resource type="SphereShape" id=1]
radius = 0.1

[sub_resource type="SphereShape" id=2]
radius = 0.1

[sub_resource type="SphereShape" id=3]
radius = 0.15

[sub_resource type="SphereShape" id=4]
radius = 0.15

[node name="vanguard" instance=ExtResource( 1 )]

[node name="LeftHandAttachment" type="BoneAttachment" parent="Skeleton" index="2"]
transform = Transform( 0.763609, 0.645594, -0.0104037, -0.615302, 0.722707, -0.314794, -0.19571, 0.246781, 0.949102, 0.313182, 0.850884, 0.121181 )
bone_name = "mixamorig_LeftHandThumb4"

[node name="Area" type="Area" parent="Skeleton/LeftHandAttachment" index="0"]
transform = Transform( 1, -2.98023e-08, -2.98023e-08, 0, 1, -1.49012e-08, -2.98023e-08, 1.49012e-08, 1, -0.0195764, 0.0400692, -0.0496149 )
collision_layer = 2
collision_mask = 4
script = ExtResource( 2 )
damage = 25.0

[node name="CollisionShape" type="CollisionShape" parent="Skeleton/LeftHandAttachment/Area" index="0"]
shape = SubResource( 1 )
disabled = true

[node name="RightHandAttachment" type="BoneAttachment" parent="Skeleton" index="3"]
transform = Transform( 0.820554, -0.517281, 0.243124, 0.571538, 0.746834, -0.33997, -0.0057136, 0.41792, 0.908465, -0.293095, 0.81968, 0.111575 )
bone_name = "mixamorig_RightHandThumb4"

[node name="Area" type="Area" parent="Skeleton/RightHandAttachment" index="0"]
transform = Transform( 0.999686, 0.0219498, -0.0121652, -0.0215694, 0.999288, 0.0309238, 0.0128368, -0.0306519, 0.999445, 0.0109554, 0.034695, -0.0438808 )
collision_layer = 2
collision_mask = 4
script = ExtResource( 2 )
damage = 25.0

[node name="CollisionShape" type="CollisionShape" parent="Skeleton/RightHandAttachment/Area" index="0"]
shape = SubResource( 2 )
disabled = true

[node name="LeftFootAttachment" type="BoneAttachment" parent="Skeleton" index="4"]
transform = Transform( 0.970636, -0.0251574, 0.239231, 0.00617429, 0.996793, 0.0797715, -0.240471, -0.0759521, 0.96768, 0.25311, 0.0149369, 0.218684 )
bone_name = "mixamorig_LeftToeBase"

[node name="Area" type="Area" parent="Skeleton/LeftFootAttachment" index="0"]
collision_layer = 2
collision_mask = 4
script = ExtResource( 2 )
damage = 25.0

[node name="CollisionShape" type="CollisionShape" parent="Skeleton/LeftFootAttachment/Area" index="0"]
transform = Transform( 0.999998, 0.00221427, -0.000440657, -0.00221424, 0.999998, -0.000167295, 0.000440076, 0.000168435, 0.999999, 2.34544e-05, 0.101802, -0.0349443 )
shape = SubResource( 3 )
disabled = true

[node name="RightFootAttachment" type="BoneAttachment" parent="Skeleton" index="5"]
transform = Transform( 0.892253, 0.0559527, -0.448056, 5.91517e-05, 0.992278, 0.124032, 0.451537, -0.110695, 0.885359, -0.193091, 0.0140829, 0.0864673 )
bone_name = "mixamorig_RightToeBase"

[node name="Area" type="Area" parent="Skeleton/RightFootAttachment" index="0"]
collision_layer = 2
collision_mask = 4
script = ExtResource( 2 )
damage = 25.0

[node name="CollisionShape" type="CollisionShape" parent="Skeleton/RightFootAttachment/Area" index="0"]
transform = Transform( 0.999999, 0.000198402, -0.000668138, -0.000201762, 0.999987, -0.00516585, 0.000667244, 0.00516596, 0.999987, -0.0206144, 0.117667, 0.0112326 )
shape = SubResource( 4 )
disabled = true

[node name="AnimationPlayer" parent="." index="1"]
"anims/Hook Left" = ExtResource( 5 )
"anims/Hook Right" = ExtResource( 6 )
"anims/Jab Left" = ExtResource( 4 )
"anims/Jab Right" = ExtResource( 7 )
"anims/Kick Front Left" = ExtResource( 8 )
"anims/Kick Front Right" = ExtResource( 9 )
"anims/Kick Round Left" = ExtResource( 10 )
"anims/Kick Round Right" = ExtResource( 11 )

[node name="AnimationTree" type="AnimationTree" parent="." index="2"]
tree_root = ExtResource( 3 )
anim_player = NodePath("../AnimationPlayer")
active = true
root_motion_track = NodePath("Skeleton:root_doc")
parameters/FrontLeftKickOneShot/active = false
parameters/FrontLeftKickTimeScale/scale = 1.0
parameters/FrontRightKickOneShot/active = false
parameters/FrontRightKickTimeScale/scale = 1.0
parameters/LeftHookOneShot/active = false
parameters/LeftHookTimeScale/scale = 1.0
parameters/LeftJabOneShot/active = false
parameters/LeftJabTimeScale/scale = 1.0
parameters/LocomotionBlendSpace/blend_position = Vector2( 0, 0 )
parameters/RightHookOneShot/active = false
parameters/RightHookTimeScale/scale = 1.0
parameters/RightJabOneShot/active = false
parameters/RightJabTimeScale/scale = 1.0
parameters/RoundLeftKickOneShot/active = false
parameters/RoundLeftKickTimeScale/scale = 1.0
parameters/RoundRightKickOneShot/active = false
parameters/RoundRightKickTimeScale/scale = 1.0
[connection signal="body_entered" from="Skeleton/LeftHandAttachment/Area" to="Skeleton/LeftHandAttachment/Area" method="_on_Area_body_entered"]
[connection signal="body_entered" from="Skeleton/RightHandAttachment/Area" to="Skeleton/RightHandAttachment/Area" method="_on_Area_body_entered"]
[connection signal="body_entered" from="Skeleton/LeftFootAttachment/Area" to="Skeleton/LeftFootAttachment/Area" method="_on_Area_body_entered"]
[connection signal="body_entered" from="Skeleton/RightFootAttachment/Area" to="Skeleton/RightFootAttachment/Area" method="_on_Area_body_entered"]
