[gd_scene load_steps=23 format=2]

[ext_resource path="res://Characters3D/vanguard.dae" type="PackedScene" id=1]
[ext_resource path="res://Scripts/Nodes/HTHDamagingArea.gdns" type="Script" id=2]
[ext_resource path="res://Characters/BlendTrees/character_blend_tree.tres" type="AnimationNodeBlendTree" id=3]
[ext_resource path="res://Characters3D/Jab_Left.tres" type="Animation" id=4]
[ext_resource path="res://Characters3D/Hook_Left.tres" type="Animation" id=5]
[ext_resource path="res://Characters3D/Hook_Right.tres" type="Animation" id=6]
[ext_resource path="res://Characters3D/Jab_Right.tres" type="Animation" id=7]
[ext_resource path="res://Characters3D/Kick_Front_Left.tres" type="Animation" id=8]
[ext_resource path="res://Characters3D/Kick_Front_Right.tres" type="Animation" id=9]
[ext_resource path="res://Characters3D/Kick_Round_Left.tres" type="Animation" id=10]
[ext_resource path="res://Characters3D/Kick_Round_Right.tres" type="Animation" id=11]
[ext_resource path="res://Characters3D/Idle-loop.tres" type="Animation" id=12]
[ext_resource path="res://Characters3D/Jog_Strafe_Right-loop.tres" type="Animation" id=13]
[ext_resource path="res://Characters3D/Jumping.tres" type="Animation" id=14]
[ext_resource path="res://Characters3D/Running-loop.tres" type="Animation" id=15]
[ext_resource path="res://Characters3D/Running_Backward-loop.tres" type="Animation" id=16]
[ext_resource path="res://Characters3D/Jog_Strafe_Left-loop.tres" type="Animation" id=17]
[ext_resource path="res://Characters3D/default.tres" type="Animation" id=18]

[sub_resource type="SphereShape" id=1]
radius = 0.1

[sub_resource type="SphereShape" id=2]
radius = 0.1

[sub_resource type="SphereShape" id=3]
radius = 0.15

[sub_resource type="SphereShape" id=4]
radius = 0.15

[node name="vanguard" instance=ExtResource( 1 )]

[node name="Skeleton" parent="." index="0"]
bones/15/bound_children = [ NodePath("LeftHandAttachment") ]
bones/39/bound_children = [ NodePath("RightHandAttachment") ]
bones/59/bound_children = [ NodePath("LeftFootAttachment") ]
bones/64/bound_children = [ NodePath("RightFootAttachment") ]

[node name="LeftHandAttachment" type="BoneAttachment" parent="Skeleton" index="2"]
transform = Transform( 0.767592, 0.63951, -0.0427513, -0.620174, 0.724231, -0.301449, -0.161818, 0.257903, 0.952522, 0.30626, 0.850093, 0.142176 )
bone_name = "mixamorig_LeftHandThumb4"

[node name="Area" type="Area" parent="Skeleton/LeftHandAttachment" index="0"]
transform = Transform( 1, -2.98023e-08, -2.98023e-08, 0, 1, -1.49012e-08, -2.98023e-08, 1.49012e-08, 1, -0.0195764, 0.0400692, -0.0496149 )
collision_layer = 2
collision_mask = 4
script = ExtResource( 2 )

[node name="CollisionShape" type="CollisionShape" parent="Skeleton/LeftHandAttachment/Area" index="0"]
shape = SubResource( 1 )
disabled = true

[node name="RightHandAttachment" type="BoneAttachment" parent="Skeleton" index="3"]
transform = Transform( 0.814146, -0.532493, 0.231555, 0.580518, 0.7376, -0.344881, 0.0128516, 0.415206, 0.909636, -0.29309, 0.81907, 0.106784 )
bone_name = "mixamorig_RightHandThumb4"

[node name="Area" type="Area" parent="Skeleton/RightHandAttachment" index="0"]
transform = Transform( 0.999686, 0.0219498, -0.0121652, -0.0215694, 0.999288, 0.0309238, 0.0128368, -0.0306519, 0.999445, 0.0109554, 0.034695, -0.0438808 )
collision_layer = 2
collision_mask = 4
script = ExtResource( 2 )

[node name="CollisionShape" type="CollisionShape" parent="Skeleton/RightHandAttachment/Area" index="0"]
shape = SubResource( 2 )
disabled = true

[node name="LeftFootAttachment" type="BoneAttachment" parent="Skeleton" index="4"]
transform = Transform( 0.970354, -0.0236405, 0.240529, 0.00664038, 0.997437, 0.0712447, -0.241596, -0.0675354, 0.968023, 0.249582, 0.0133867, 0.216398 )
bone_name = "mixamorig_LeftToeBase"

[node name="Area" type="Area" parent="Skeleton/LeftFootAttachment" index="0"]
collision_layer = 2
collision_mask = 4
script = ExtResource( 2 )

[node name="CollisionShape" type="CollisionShape" parent="Skeleton/LeftFootAttachment/Area" index="0"]
transform = Transform( 0.999998, 0.00221427, -0.000440657, -0.00221424, 0.999998, -0.000167295, 0.000440076, 0.000168435, 0.999999, 2.34544e-05, 0.101802, -0.0349443 )
shape = SubResource( 3 )
disabled = true

[node name="RightFootAttachment" type="BoneAttachment" parent="Skeleton" index="5"]
transform = Transform( 0.893665, 0.0537955, -0.445496, 0.00125457, 0.992484, 0.122363, 0.448731, -0.109911, 0.886881, -0.196154, 0.0137881, 0.0927132 )
bone_name = "mixamorig_RightToeBase"

[node name="Area" type="Area" parent="Skeleton/RightFootAttachment" index="0"]
collision_layer = 2
collision_mask = 4
script = ExtResource( 2 )

[node name="CollisionShape" type="CollisionShape" parent="Skeleton/RightFootAttachment/Area" index="0"]
transform = Transform( 0.999999, 0.000198402, -0.000668138, -0.000201762, 0.999987, -0.00516585, 0.000667244, 0.00516596, 0.999987, -0.0206144, 0.117667, 0.0112326 )
shape = SubResource( 4 )
disabled = true

[node name="AnimationPlayer" parent="." index="1"]
anims/Hook_Left = ExtResource( 5 )
anims/Hook_Right = ExtResource( 6 )
anims/Idle-loop = ExtResource( 12 )
anims/Jab_Left = ExtResource( 4 )
anims/Jab_Right = ExtResource( 7 )
anims/Jog_Strafe_Left-loop = ExtResource( 17 )
anims/Jog_Strafe_Right-loop = ExtResource( 13 )
anims/Jumping = ExtResource( 14 )
anims/Kick_Front_Left = ExtResource( 8 )
anims/Kick_Front_Right = ExtResource( 9 )
anims/Kick_Round_Left = ExtResource( 10 )
anims/Kick_Round_Right = ExtResource( 11 )
anims/Running-loop = ExtResource( 15 )
anims/Running_Backward-loop = ExtResource( 16 )
anims/default = ExtResource( 18 )

[node name="AnimationTree" type="AnimationTree" parent="." index="2"]
tree_root = ExtResource( 3 )
anim_player = NodePath("../AnimationPlayer")
active = true
root_motion_track = NodePath("Skeleton:root_doc")
parameters/Hook_Left_OneShot/active = false
parameters/Hook_Left_TimeScale/scale = 1.0
parameters/Hook_Right_OneShot/active = false
parameters/Hook_Right_TimeScale/scale = 1.0
parameters/Jab_Left_OneShot/active = false
parameters/Jab_Left_TimeScale/scale = 1.0
parameters/Jab_Right_OneShot/active = false
parameters/Jab_Right_TimeScale/scale = 1.0
parameters/Kick_Front_Left_OneShot/active = false
parameters/Kick_Front_Left_TimeScale/scale = 1.0
parameters/Kick_Front_Right_OneShot/active = false
parameters/Kick_Front_Right_TimeScale/scale = 1.0
parameters/Kick_Round_Left_OneShot/active = false
parameters/Kick_Round_Left_TimeScale/scale = 1.0
parameters/Kick_Round_Right_OneShot/active = false
parameters/Kick_Round_Right_TimeScale/scale = 1.0
parameters/LocomotionBlendSpace/blend_position = Vector2( -0.00274473, 0.00603628 )
[connection signal="body_entered" from="Skeleton/LeftHandAttachment/Area" to="Skeleton/LeftHandAttachment/Area" method="_on_Area_body_entered"]
[connection signal="body_entered" from="Skeleton/RightHandAttachment/Area" to="Skeleton/RightHandAttachment/Area" method="_on_Area_body_entered"]
[connection signal="body_entered" from="Skeleton/LeftFootAttachment/Area" to="Skeleton/LeftFootAttachment/Area" method="_on_Area_body_entered"]
[connection signal="body_entered" from="Skeleton/RightFootAttachment/Area" to="Skeleton/RightFootAttachment/Area" method="_on_Area_body_entered"]
